Type,Date,Part of a policing operation,Policing operation,Latitude,Longitude,Gender,Age range,Self-defined ethnicity,Officer-defined ethnicity,Legislation,Object of search,Outcome,Outcome linked to object of search,Removal of more than just outer clothing
Person search,2017-05-31T23:50:00+00:00,False,,52.959866,-1.155315,Male,25-34,White - English/Welsh/Scottish/Northern Irish/British,White,Police and Criminal Evidence Act 1984 (section 1),Offensive weapons,Nothing found - no further action,,False
Person and Vehicle search,2017-06-01T11:12:00+00:00,False,,53.049341,-1.143170,Male,25-34,Asian/Asian British - Pakistani,Asian,Misuse of Drugs Act 1971 (section 23),Controlled drugs,Suspect arrested,True,False
Person search,2017-06-01T16:20:00+00:00,False,,52.952342,-1.145281,Male,10-17,White - English/Welsh/Scottish/Northern Irish/British,White,Misuse of Drugs Act 1971 (section 23),Controlled drugs,Offender given drugs possession warning,True,False
Person search,2017-06-01T16:20:00+00:00,False,,52.952342,-1.145281,Female,10-17,White - English/Welsh/Scottish/Northern Irish/British,White,Misuse of Drugs Act 1971 (section 23),Controlled drugs,Local resolution,,False
Person search,2017-06-01T16:20:00+00:00,False,,52.953292,-1.146111,Female,10-17,White - English/Welsh/Scottish/Northern Irish/British,White,Misuse of Drugs Act 1971 (section 23),Controlled drugs,Local resolution,,False
Person search,2017-06-01T19:45:00+00:00,False,,53.125764,-1.297788,Male,25-34,White - English/Welsh/Scottish/Northern Irish/British,White,Criminal Justice Act 1988 (section 139B),Offensive weapons,Article found - Detailed outcome unavailable,,False
Person search,2017-06-02T18:20:00+00:00,False,,52.952998,-1.136516,Male,over 34,White - English/Welsh/Scottish/Northern Irish/British,White,Criminal Justice Act 1988 (section 139B),Offensive weapons,Nothing found - no further action,,False
Person search,2017-06-02T20:25:00+00:00,True,,52.975959,-1.169715,Male,10-17,White - English/Welsh/Scottish/Northern Irish/British,White,Police and Criminal Evidence Act 1984 (section 1),Offensive weapons,Article found - Detailed outcome unavailable,,False
Person search,2017-06-02T20:28:00+00:00,False,,53.145180,-1.196687,Male,over 34,White - English/Welsh/Scottish/Northern Irish/British,White,Misuse of Drugs Act 1971 (section 23),Controlled drugs,Article found - Detailed outcome unavailable,,False
Person search,2017-06-02T20:35:00+00:00,True,,53.146199,-1.194545,Male,10-17,White - Any other White background,White,Misuse of Drugs Act 1971 (section 23),Controlled drugs,Article found - Detailed outcome unavailable,True,False
Person search,2017-06-02T20:43:00+00:00,False,,53.146421,-1.196739,Male,25-34,White - English/Welsh/Scottish/Northern Irish/British,White,Misuse of Drugs Act 1971 (section 23),Controlled drugs,Article found - Detailed outcome unavailable,True,False
Person search,2017-06-02T21:08:00+00:00,False,,53.144638,-1.199015,Male,over 34,White - Any other White background,White,Misuse of Drugs Act 1971 (section 23),Controlled drugs,Suspect arrested,True,False
Person search,2017-06-02T21:45:00+00:00,False,,53.145180,-1.196687,Male,18-24,White - English/Welsh/Scottish/Northern Irish/British,White,Misuse of Drugs Act 1971 (section 23),Controlled drugs,Article found - Detailed outcome unavailable,,False
Person search,2017-06-02T22:50:00+00:00,False,,53.143719,-1.197417,Male,18-24,White - English/Welsh/Scottish/Northern Irish/British,White,Misuse of Drugs Act 1971 (section 23),Controlled drugs,Offender given drugs possession warning,True,False
Person search,2017-06-02T23:00:00+00:00,False,,53.049341,-1.143170,Female,18-24,White - English/Welsh/Scottish/Northern Irish/British,White,Misuse of Drugs Act 1971 (section 23),Controlled drugs,Offender given drugs possession warning,,False
Person and Vehicle search,2017-06-02T23:00:00+00:00,False,,53.049341,-1.143170,Male,18-24,Other ethnic group - Not stated,Mixed,Misuse of Drugs Act 1971 (section 23),Controlled drugs,Nothing found - no further action,,False
Person search,2017-06-02T23:07:00+00:00,False,,53.144638,-1.199015,Male,18-24,White - English/Welsh/Scottish/Northern Irish/British,White,Misuse of Drugs Act 1971 (section 23),Controlled drugs,Article found - Detailed outcome unavailable,True,False
Person search,2017-06-03T00:15:00+00:00,False,,52.955849,-1.151702,Male,18-24,Asian/Asian British - Pakistani,Asian,Misuse of Drugs Act 1971 (section 23),Controlled drugs,Nothing found - no further action,,False
Person search,2017-06-03T00:15:00+00:00,False,,52.956547,-1.155052,Male,18-24,Asian/Asian British - Pakistani,Asian,Misuse of Drugs Act 1971 (section 23),Controlled drugs,Suspect arrested,False,False
Person search,2017-06-03T00:40:00+00:00,False,,52.955849,-1.151702,Male,18-24,Asian/Asian British - Pakistani,Asian,Misuse of Drugs Act 1971 (section 23),Controlled drugs,Article found - Detailed outcome unavailable,True,False
Person search,2017-06-03T06:30:00+00:00,False,,52.939218,-1.130600,Male,18-24,Black/African/Caribbean/Black British - Caribbean,Black,Misuse of Drugs Act 1971 (section 23),Controlled drugs,Suspect arrested,,False
Person search,2017-06-03T14:30:00+00:00,False,,52.975134,-1.159738,Male,18-24,Other ethnic group - Not stated,Asian,Firearms Act 1968 (section 47),Firearms,Article found - Detailed outcome unavailable,,False
Person search,2017-06-03T15:12:00+00:00,False,,52.975134,-1.159738,Male,18-24,Other ethnic group - Not stated,Asian,Firearms Act 1968 (section 47),Firearms,Article found - Detailed outcome unavailable,,False
Person and Vehicle search,2017-06-03T19:20:00+00:00,True,,53.049341,-1.143170,Male,18-24,Black/African/Caribbean/Black British - Any other Black/African/Caribbean background,Black,Misuse of Drugs Act 1971 (section 23),Controlled drugs,Suspect arrested,True,False
Person search,2017-06-03T20:45:00+00:00,False,,53.145180,-1.196687,Female,10-17,White - English/Welsh/Scottish/Northern Irish/British,White,Misuse of Drugs Act 1971 (section 23),Controlled drugs,Article found - Detailed outcome unavailable,,False
Person search,2017-06-04T13:39:00+00:00,False,,52.927403,-1.216819,Male,25-34,White - English/Welsh/Scottish/Northern Irish/British,White,Firearms Act 1968 (section 47),Firearms,Nothing found - no further action,,False
Person search,2017-06-04T15:49:00+00:00,False,,52.975134,-1.159738,Male,18-24,Other ethnic group - Not stated,Asian,Firearms Act 1968 (section 47),Firearms,Nothing found - no further action,,False
Vehicle search,2017-06-05T00:29:00+00:00,False,,52.968930,-1.158295,,,,,Misuse of Drugs Act 1971 (section 23),Controlled drugs,Nothing found - no further action,,
Vehicle search,2017-06-05T07:30:00+00:00,False,,52.962749,-1.267425,,,,,Police and Criminal Evidence Act 1984 (section 1),Article for use in theft,Suspect arrested,True,
Person search,2017-06-05T18:30:00+00:00,False,,52.943724,-1.147043,Male,over 34,White - English/Welsh/Scottish/Northern Irish/British,White,Police and Criminal Evidence Act 1984 (section 1),Articles for use in criminal damage,Article found - Detailed outcome unavailable,,False
Person search,2017-06-05T19:30:00+00:00,False,,52.958326,-1.212554,Male,10-17,Other ethnic group - Not stated,Asian,Misuse of Drugs Act 1971 (section 23),Controlled drugs,Nothing found - no further action,,False
Person search,2017-06-06T14:15:00+00:00,False,,52.975523,-1.162665,Male,18-24,Asian/Asian British - Pakistani,Asian,Firearms Act 1968 (section 47),Firearms,Nothing found - no further action,,False
Person search,2017-06-07T02:15:00+00:00,False,,53.218947,-1.134158,Male,25-34,White - English/Welsh/Scottish/Northern Irish/British,White,Police and Criminal Evidence Act 1984 (section 1),Article for use in theft,Article found - Detailed outcome unavailable,,False
Person search,2017-06-07T03:00:00+00:00,False,,52.955473,-1.145710,Male,,Black/African/Caribbean/Black British - Caribbean,Black,Criminal Justice Act 1988 (section 139B),Offensive weapons,Nothing found - no further action,,False
Person search,2017-06-07T07:21:00+00:00,False,,52.955849,-1.151702,Male,18-24,Asian/Asian British - Pakistani,Asian,Misuse of Drugs Act 1971 (section 23),Controlled drugs,Article found - Detailed outcome unavailable,True,False
Person search,2017-06-07T12:43:00+00:00,False,,52.965809,-1.173394,Male,over 34,Black/African/Caribbean/Black British - Caribbean,Black,Misuse of Drugs Act 1971 (section 23),Controlled drugs,Nothing found - no further action,,False
Person search,2017-06-07T13:43:00+00:00,False,,52.975523,-1.162665,Male,18-24,Asian/Asian British - Pakistani,Asian,Firearms Act 1968 (section 47),Firearms,Nothing found - no further action,,False
Person and Vehicle search,2017-06-07T14:15:00+00:00,True,,52.985941,-1.163744,Male,over 34,Asian/Asian British - Pakistani,Asian,Misuse of Drugs Act 1971 (section 23),Controlled drugs,Suspect arrested,True,False
Person search,2017-06-07T14:15:00+00:00,False,,52.977037,-1.163142,Male,18-24,Other ethnic group - Not stated,Asian,Firearms Act 1968 (section 47),Firearms,Nothing found - no further action,,False
Person search,2017-06-07T14:15:00+00:00,False,,52.977037,-1.163142,Male,18-24,Other ethnic group - Not stated,Asian,Firearms Act 1968 (section 47),Firearms,Nothing found - no further action,,False
Person search,2017-06-07T20:40:00+00:00,False,,52.928453,-1.216443,Male,10-17,Other ethnic group - Not stated,White,Criminal Justice Act 1988 (section 139B),Offensive weapons,Nothing found - no further action,,False
Person search,2017-06-07T20:58:00+00:00,False,,52.922979,-1.216631,Male,10-17,Mixed/Multiple ethnic groups - Any other Mixed/Multiple ethnic background,Mixed,Criminal Justice Act 1988 (section 139B),Offensive weapons,Nothing found - no further action,,False
Person search,2017-06-07T21:19:00+00:00,False,,52.928453,-1.216443,Male,10-17,Other ethnic group - Not stated,White,Criminal Justice Act 1988 (section 139B),Offensive weapons,Nothing found - no further action,,False
Person and Vehicle search,2017-06-08T00:01:00+00:00,False,,52.973026,-1.246284,Male,25-34,Black/African/Caribbean/Black British - Caribbean,Black,Misuse of Drugs Act 1971 (section 23),Controlled drugs,Article found - Detailed outcome unavailable,,False
Person search,2017-06-08T01:02:00+00:00,False,,52.829614,-1.176856,Female,over 34,Other ethnic group - Not stated,White,Police and Criminal Evidence Act 1984 (section 1),Stolen goods,Suspect arrested,True,False
Person and Vehicle search,2017-06-08T01:02:00+00:00,False,,52.829859,-1.175902,Male,25-34,White - English/Welsh/Scottish/Northern Irish/British,White,Police and Criminal Evidence Act 1984 (section 1),Article for use in theft,Suspect arrested,,False
Person search,2017-06-08T16:20:00+00:00,False,,53.001353,-1.130530,Male,10-17,White - English/Welsh/Scottish/Northern Irish/British,White,Misuse of Drugs Act 1971 (section 23),Controlled drugs,Article found - Detailed outcome unavailable,True,False
Person search,2017-06-09T00:43:00+00:00,False,,52.931899,-1.273644,Male,over 34,White - English/Welsh/Scottish/Northern Irish/British,White,Misuse of Drugs Act 1971 (section 23),Controlled drugs,Article found - Detailed outcome unavailable,True,False
Person search,2017-06-09T12:02:00+00:00,True,,52.969777,-1.167496,Male,18-24,Asian/Asian British - Pakistani,Asian,Misuse of Drugs Act 1971 (section 23),Controlled drugs,Nothing found - no further action,,False
Person and Vehicle search,2017-06-09T12:57:00+00:00,True,,52.960809,-1.169306,Male,18-24,Asian/Asian British - Pakistani,Asian,Misuse of Drugs Act 1971 (section 23),Controlled drugs,Suspect summonsed to court,True,False
Person search,2017-06-09T13:00:00+00:00,True,,52.960909,-1.170688,Male,18-24,Asian/Asian British - Pakistani,Asian,Misuse of Drugs Act 1971 (section 23),Controlled drugs,Nothing found - no further action,,False
Person search,2017-06-09T13:55:00+00:00,False,,52.954199,-1.154845,Male,18-24,White - English/Welsh/Scottish/Northern Irish/British,White,Criminal Justice Act 1988 (section 139B),Offensive weapons,Suspect arrested,True,False
Person and Vehicle search,2017-06-09T14:15:00+00:00,False,,52.926067,-1.203753,Male,over 34,White - Any other White background,White,Police and Criminal Evidence Act 1984 (section 1),Article for use in theft,Suspect arrested,False,False
Person search,2017-06-09T23:53:00+00:00,False,,52.987802,-1.126303,Male,18-24,White - English/Welsh/Scottish/Northern Irish/British,White,Misuse of Drugs Act 1971 (section 23),Controlled drugs,Nothing found - no further action,,False
Person and Vehicle search,2017-06-10T23:44:00+00:00,False,,52.971652,-1.177243,Male,18-24,Mixed/Multiple ethnic groups - White and Black Caribbean,Black,Misuse of Drugs Act 1971 (section 23),Controlled drugs,Suspect arrested,True,False
Person and Vehicle search,2017-06-11T23:50:00+00:00,False,,53.145505,-1.195530,Male,25-34,White - English/Welsh/Scottish/Northern Irish/British,White,Misuse of Drugs Act 1971 (section 23),Controlled drugs,Nothing found - no further action,,False
Person search,2017-06-12T01:17:00+00:00,False,,53.306681,-1.123080,Male,25-34,White - English/Welsh/Scottish/Northern Irish/British,White,Police and Criminal Evidence Act 1984 (section 1),Article for use in theft,Nothing found - no further action,,False
Person search,2017-06-12T01:21:00+00:00,False,,53.306101,-1.123722,Male,25-34,White - English/Welsh/Scottish/Northern Irish/British,White,Police and Criminal Evidence Act 1984 (section 1),Article for use in theft,Nothing found - no further action,,False
Person search,2017-06-12T03:26:00+00:00,False,,52.960881,-1.140259,Male,over 34,Black/African/Caribbean/Black British - Caribbean,Black,Misuse of Drugs Act 1971 (section 23),Controlled drugs,Nothing found - no further action,,True
Person search,2017-06-12T03:26:00+00:00,False,,52.949444,-1.130038,Male,over 34,Black/African/Caribbean/Black British - Caribbean,Black,Police and Criminal Evidence Act 1984 (section 1),Article for use in theft,Article found - Detailed outcome unavailable,,False
Person search,2017-06-12T17:51:00+00:00,False,,53.079131,-0.806033,Male,over 34,White - English/Welsh/Scottish/Northern Irish/British,White,Police and Criminal Evidence Act 1984 (section 1),Article for use in theft,Suspect arrested,False,False
Person search,2017-06-12T19:02:00+00:00,False,,52.963686,-1.174432,Male,25-34,White - English/Welsh/Scottish/Northern Irish/British,White,Misuse of Drugs Act 1971 (section 23),Controlled drugs,Nothing found - no further action,,False
Person and Vehicle search,2017-06-13T14:25:00+00:00,True,,52.974418,-1.163967,Male,over 34,Mixed/Multiple ethnic groups - White and Black Caribbean,Mixed,Misuse of Drugs Act 1971 (section 23),Controlled drugs,Suspect arrested,True,False
Person search,2017-06-14T12:25:00+00:00,True,,52.969052,-1.173064,Male,10-17,White - English/Welsh/Scottish/Northern Irish/British,White,Police and Criminal Evidence Act 1984 (section 1),Offensive weapons,Nothing found - no further action,,False
Person search,2017-06-14T14:15:00+00:00,True,,52.974438,-1.165575,Male,over 34,White - English/Welsh/Scottish/Northern Irish/British,White,Misuse of Drugs Act 1971 (section 23),Controlled drugs,Nothing found - no further action,,False
Person and Vehicle search,2017-06-14T17:25:00+00:00,False,,52.955140,-1.160721,Male,18-24,Other ethnic group - Not stated,Asian,Misuse of Drugs Act 1971 (section 23),Controlled drugs,Nothing found - no further action,,False
Person search,2017-06-14T19:20:00+00:00,True,,52.976695,-1.172069,Male,,White - English/Welsh/Scottish/Northern Irish/British,White,Misuse of Drugs Act 1971 (section 23),Controlled drugs,Nothing found - no further action,,False
Person search,2017-06-14T19:20:00+00:00,True,,52.976695,-1.172069,Male,25-34,White - English/Welsh/Scottish/Northern Irish/British,White,Misuse of Drugs Act 1971 (section 23),Controlled drugs,Offender given drugs possession warning,True,False
Person search,2017-06-14T21:28:00+00:00,False,,52.999302,-1.199367,Male,10-17,White - English/Welsh/Scottish/Northern Irish/British,White,Police and Criminal Evidence Act 1984 (section 1),Offensive weapons,Article found - Detailed outcome unavailable,,False
Person search,2017-06-14T21:28:00+00:00,False,,52.999302,-1.199367,Male,10-17,White - English/Welsh/Scottish/Northern Irish/British,White,Police and Criminal Evidence Act 1984 (section 1),Offensive weapons,Article found - Detailed outcome unavailable,,False
Person and Vehicle search,2017-06-14T22:23:00+00:00,False,,52.955238,-1.154274,Male,over 34,Black/African/Caribbean/Black British - Caribbean,Black,Misuse of Drugs Act 1971 (section 23),Controlled drugs,Nothing found - no further action,,False
Person and Vehicle search,2017-06-15T10:11:00+00:00,True,,52.972638,-1.185996,Male,10-17,White - English/Welsh/Scottish/Northern Irish/British,White,Misuse of Drugs Act 1971 (section 23),Controlled drugs,Offender given drugs possession warning,True,False
Person search,2017-06-15T10:44:00+00:00,False,,53.307028,-1.109326,Male,over 34,White - English/Welsh/Scottish/Northern Irish/British,White,Police and Criminal Evidence Act 1984 (section 1),Offensive weapons,Article found - Detailed outcome unavailable,,False
Person and Vehicle search,2017-06-15T14:15:00+00:00,True,,52.970502,-1.169611,Male,18-24,Mixed/Multiple ethnic groups - White and Black Caribbean,Mixed,Misuse of Drugs Act 1971 (section 23),Controlled drugs,Suspect arrested,True,False
Person search,2017-06-15T21:22:00+00:00,False,,53.126430,-1.260745,Male,18-24,Other ethnic group - Not stated,White,Police and Criminal Evidence Act 1984 (section 1),Offensive weapons,Nothing found - no further action,,False
Person search,2017-06-16T09:10:00+00:00,True,,52.953777,-1.152397,Male,over 34,White - Irish,White,Misuse of Drugs Act 1971 (section 23),Controlled drugs,Nothing found - no further action,,False
Person search,2017-06-16T10:11:00+00:00,True,,52.953777,-1.152397,Male,25-34,White - English/Welsh/Scottish/Northern Irish/British,White,Misuse of Drugs Act 1971 (section 23),Controlled drugs,Suspect arrested,True,False
Person search,2017-06-16T10:11:00+00:00,True,,52.953777,-1.152397,Male,25-34,Mixed/Multiple ethnic groups - Any other Mixed/Multiple ethnic background,Black,Misuse of Drugs Act 1971 (section 23),Controlled drugs,Suspect summonsed to court,True,False
Person search,2017-06-16T10:11:00+00:00,False,,52.953777,-1.152397,Male,over 34,White - English/Welsh/Scottish/Northern Irish/British,White,Misuse of Drugs Act 1971 (section 23),Controlled drugs,Suspect arrested,True,False
Person search,2017-06-16T10:11:00+00:00,True,,52.953777,-1.152397,Male,25-34,Black/African/Caribbean/Black British - Any other Black/African/Caribbean background,Black,Misuse of Drugs Act 1971 (section 23),Controlled drugs,Suspect arrested,True,False
Person search,2017-06-16T11:55:00+00:00,False,,52.952864,-1.152891,Male,over 34,Black/African/Caribbean/Black British - Caribbean,Black,Misuse of Drugs Act 1971 (section 23),Controlled drugs,Nothing found - no further action,,True
Person search,2017-06-16T14:15:00+00:00,True,,52.954311,-1.156748,Male,over 34,Black/African/Caribbean/Black British - Caribbean,Black,Misuse of Drugs Act 1971 (section 23),Controlled drugs,Suspect arrested,,False
Person search,2017-06-16T14:45:00+00:00,False,,52.954311,-1.156748,Male,25-34,Mixed/Multiple ethnic groups - White and Black Caribbean,Black,Misuse of Drugs Act 1971 (section 23),Controlled drugs,Nothing found - no further action,,True
Person search,2017-06-16T23:00:00+00:00,False,,52.948097,-1.150053,Male,25-34,Asian/Asian British - Pakistani,Asian,Misuse of Drugs Act 1971 (section 23),Controlled drugs,Nothing found - no further action,,False
Person search,2017-06-16T23:00:00+00:00,False,,52.950406,-1.141092,Male,over 34,Asian/Asian British - Pakistani,Asian,Misuse of Drugs Act 1971 (section 23),Controlled drugs,Nothing found - no further action,,False
Person search,2017-06-16T23:08:00+00:00,False,,52.970011,-1.156011,Male,over 34,Black/African/Caribbean/Black British - Any other Black/African/Caribbean background,Mixed,Misuse of Drugs Act 1971 (section 23),Controlled drugs,Nothing found - no further action,,False
Person search,2017-06-16T23:34:00+00:00,False,,52.949621,-1.136955,Male,25-34,Asian/Asian British - Pakistani,Asian,Misuse of Drugs Act 1971 (section 23),Controlled drugs,Nothing found - no further action,,False
Person search,2017-06-17T00:51:00+00:00,False,,52.965420,-1.110749,Male,over 34,White - English/Welsh/Scottish/Northern Irish/British,White,Police and Criminal Evidence Act 1984 (section 1),Stolen goods,Article found - Detailed outcome unavailable,True,False
Person search,2017-06-17T06:20:00+00:00,False,,52.981834,-1.178122,Male,10-17,Other ethnic group - Not stated,White,Police and Criminal Evidence Act 1984 (section 1),Stolen goods,Suspect arrested,False,False
Person search,2017-06-17T09:10:00+00:00,False,,52.953211,-1.151158,Male,18-24,White - English/Welsh/Scottish/Northern Irish/British,White,Misuse of Drugs Act 1971 (section 23),Controlled drugs,Suspect arrested,True,False
Person search,2017-06-17T10:11:00+00:00,True,,52.956293,-1.147153,Male,18-24,Other ethnic group - Any other ethnic group,Asian,Police and Criminal Evidence Act 1984 (section 1),Stolen goods,Offender cautioned,False,False
Person search,2017-06-17T12:13:00+00:00,True,,52.954981,-1.154785,Male,18-24,Black/African/Caribbean/Black British - Caribbean,White,Misuse of Drugs Act 1971 (section 23),Controlled drugs,Nothing found - no further action,,False
Person search,2017-06-17T12:13:00+00:00,True,,52.954981,-1.154785,Male,18-24,White - English/Welsh/Scottish/Northern Irish/British,White,Misuse of Drugs Act 1971 (section 23),Controlled drugs,Nothing found - no further action,,False
Person search,2017-06-17T12:13:00+00:00,True,,52.954981,-1.154785,Male,18-24,White - English/Welsh/Scottish/Northern Irish/British,White,Misuse of Drugs Act 1971 (section 23),Controlled drugs,Offender given drugs possession warning,True,False
Person search,2017-06-17T13:14:00+00:00,True,,52.953211,-1.151158,Male,over 34,White - English/Welsh/Scottish/Northern Irish/British,White,Misuse of Drugs Act 1971 (section 23),Controlled drugs,Suspect arrested,,False
Person search,2017-06-18T09:50:00+00:00,True,,52.956878,-1.149761,Male,10-17,White - English/Welsh/Scottish/Northern Irish/British,White,Misuse of Drugs Act 1971 (section 23),Controlled drugs,Nothing found - no further action,,False
Person search,2017-06-18T09:59:00+00:00,False,,52.956878,-1.149761,Male,,Black/African/Caribbean/Black British - Caribbean,Black,Misuse of Drugs Act 1971 (section 23),Controlled drugs,Suspect arrested,,False
Person search,2017-06-19T20:47:00+00:00,False,,52.997013,-1.154412,Male,,Other ethnic group - Not stated,Mixed,Police and Criminal Evidence Act 1984 (section 1),Offensive weapons,Nothing found - no further action,,False
Vehicle search,2017-06-20T09:32:00+00:00,False,,52.977880,-1.171868,,,,,Police and Criminal Evidence Act 1984 (section 1),Stolen goods,Nothing found - no further action,,
Person search,2017-06-20T13:40:00+00:00,False,,52.968230,-1.126057,Male,18-24,Black/African/Caribbean/Black British - Any other Black/African/Caribbean background,Black,Police and Criminal Evidence Act 1984 (section 1),Offensive weapons,Nothing found - no further action,,False
Person search,2017-06-20T14:50:00+00:00,False,,52.951758,-1.151663,Male,25-34,Mixed/Multiple ethnic groups - White and Black Caribbean,Black,Criminal Justice Act 1988 (section 139B),Offensive weapons,Suspect arrested,,False
Person search,2017-06-21T10:20:00+00:00,False,,52.943425,-1.154207,Male,25-34,White - English/Welsh/Scottish/Northern Irish/British,White,Misuse of Drugs Act 1971 (section 23),Controlled drugs,Article found - Detailed outcome unavailable,,False
Person search,2017-06-22T00:00:00+00:00,False,,52.961384,-1.152665,Male,over 34,Black/African/Caribbean/Black British - African,Black,Misuse of Drugs Act 1971 (section 23),Controlled drugs,Nothing found - no further action,,False
Person and Vehicle search,2017-06-22T11:30:00+00:00,False,,53.023428,-1.223639,Female,25-34,,White,Criminal Justice Act 1988 (section 139B),Offensive weapons,Suspect arrested,True,False
Person search,2017-06-22T12:29:00+00:00,False,,53.024441,-1.220386,Male,over 34,White - English/Welsh/Scottish/Northern Irish/British,White,Criminal Justice Act 1988 (section 139B),Offensive weapons,Nothing found - no further action,,False
Person and Vehicle search,2017-06-22T15:16:00+00:00,True,,52.958527,-1.166849,Male,25-34,White - English/Welsh/Scottish/Northern Irish/British,White,Misuse of Drugs Act 1971 (section 23),Controlled drugs,Suspect arrested,True,False
Person search,2017-06-22T17:20:00+00:00,False,,53.004346,-1.123033,Male,10-17,Other ethnic group - Not stated,White,Criminal Justice Act 1988 (section 139B),Offensive weapons,Article found - Detailed outcome unavailable,,False
Person search,2017-06-22T18:00:00+00:00,False,,52.999610,-1.135616,Male,10-17,Black/African/Caribbean/Black British - Any other Black/African/Caribbean background,Black,Criminal Justice Act 1988 (section 139B),Offensive weapons,Article found - Detailed outcome unavailable,,False
Person search,2017-06-23T01:10:00+00:00,False,,52.982147,-1.171414,Female,25-34,White - English/Welsh/Scottish/Northern Irish/British,White,Police and Criminal Evidence Act 1984 (section 1),Article for use in theft,Suspect arrested,True,False
Person search,2017-06-23T03:14:00+00:00,False,,52.926702,-1.121672,Female,18-24,White - English/Welsh/Scottish/Northern Irish/British,White,Police and Criminal Evidence Act 1984 (section 1),Article for use in theft,Suspect arrested,True,False
Person and Vehicle search,2017-06-23T03:20:00+00:00,False,,53.004767,-1.212887,Male,over 34,Other ethnic group - Not stated,Black,Police and Criminal Evidence Act 1984 (section 1),Stolen goods,Nothing found - no further action,,False
Person search,2017-06-23T04:50:00+00:00,False,,52.954683,-1.152112,Male,10-17,Black/African/Caribbean/Black British - Caribbean,Black,Criminal Justice Act 1988 (section 139B),Offensive weapons,Nothing found - no further action,,False
Person search,2017-06-23T11:12:00+00:00,False,,52.952512,-1.150219,Male,over 34,Other ethnic group - Not stated,White,Misuse of Drugs Act 1971 (section 23),Controlled drugs,Nothing found - no further action,,False
Person search,2017-06-23T12:00:00+00:00,False,,52.952542,-1.148075,Male,25-34,White - English/Welsh/Scottish/Northern Irish/British,White,Misuse of Drugs Act 1971 (section 23),Controlled drugs,Article found - Detailed outcome unavailable,,False
Person search,2017-06-23T12:00:00+00:00,False,,52.952512,-1.150219,Male,over 34,White - Irish,White,Misuse of Drugs Act 1971 (section 23),Controlled drugs,Nothing found - no further action,,False
Person search,2017-06-23T12:00:00+00:00,False,,52.952542,-1.148075,Male,25-34,White - English/Welsh/Scottish/Northern Irish/British,White,Misuse of Drugs Act 1971 (section 23),Controlled drugs,Article found - Detailed outcome unavailable,,False
Person and Vehicle search,2017-06-23T19:20:00+00:00,True,,52.977681,-1.170353,Male,25-34,Black/African/Caribbean/Black British - Caribbean,Black,Misuse of Drugs Act 1971 (section 23),Controlled drugs,Suspect arrested,False,False
Person search,2017-06-24T00:05:00+00:00,False,,52.971655,-1.234261,Male,18-24,White - English/Welsh/Scottish/Northern Irish/British,White,Misuse of Drugs Act 1971 (section 23),Controlled drugs,Nothing found - no further action,,False
Person search,2017-06-24T01:35:00+00:00,False,,52.953777,-1.152397,Male,25-34,Asian/Asian British - Chinese,Asian,Police and Criminal Evidence Act 1984 (section 1),Stolen goods,Nothing found - no further action,,False
Person search,2017-06-24T16:49:00+00:00,False,,52.957728,-1.150489,Male,over 34,White - English/Welsh/Scottish/Northern Irish/British,White,Misuse of Drugs Act 1971 (section 23),Controlled drugs,Article found - Detailed outcome unavailable,,False
Vehicle search,2017-06-24T17:04:00+00:00,False,,53.070157,-1.303901,,,,,Firearms Act 1968 (section 47),Firearms,Nothing found - no further action,,
Person search,2017-06-25T01:20:00+00:00,False,,52.969472,-1.176540,Male,10-17,White - English/Welsh/Scottish/Northern Irish/British,White,Police and Criminal Evidence Act 1984 (section 1),Article for use in theft,Article found - Detailed outcome unavailable,,False
Person search,2017-06-25T01:20:00+00:00,False,,52.969472,-1.176540,Male,18-24,White - English/Welsh/Scottish/Northern Irish/British,White,Police and Criminal Evidence Act 1984 (section 1),Article for use in theft,Article found - Detailed outcome unavailable,True,False
Person search,2017-06-25T05:24:00+00:00,False,,52.956072,-1.148988,Male,,Other ethnic group - Not stated,White,Police and Criminal Evidence Act 1984 (section 1),Offensive weapons,Nothing found - no further action,,False
Person search,2017-06-25T16:47:00+00:00,False,,53.070154,-1.303424,Male,25-34,White - English/Welsh/Scottish/Northern Irish/British,White,Firearms Act 1968 (section 47),Firearms,Article found - Detailed outcome unavailable,,False
Person search,2017-06-26T15:20:00+00:00,True,,52.977376,-1.173054,Male,25-34,White - English/Welsh/Scottish/Northern Irish/British,White,Misuse of Drugs Act 1971 (section 23),Controlled drugs,Offender given drugs possession warning,True,False
Person search,2017-06-27T03:04:00+00:00,False,,52.965909,-1.174896,Male,over 34,White - English/Welsh/Scottish/Northern Irish/British,White,Police and Criminal Evidence Act 1984 (section 1),Article for use in theft,Suspect arrested,False,False
Person search,2017-06-27T09:10:00+00:00,True,,52.954053,-1.150829,Male,over 34,White - English/Welsh/Scottish/Northern Irish/British,White,Misuse of Drugs Act 1971 (section 23),Controlled drugs,Nothing found - no further action,,False
Person search,2017-06-27T09:10:00+00:00,True,,52.957728,-1.150489,Male,over 34,White - English/Welsh/Scottish/Northern Irish/British,White,Misuse of Drugs Act 1971 (section 23),Controlled drugs,Article found - Detailed outcome unavailable,True,False
Person search,2017-06-27T09:50:00+00:00,True,,52.957865,-1.149504,Female,over 34,White - English/Welsh/Scottish/Northern Irish/British,White,Misuse of Drugs Act 1971 (section 23),Controlled drugs,Article found - Detailed outcome unavailable,,False
Person search,2017-06-27T13:14:00+00:00,False,,52.958315,-1.150939,Male,18-24,White - English/Welsh/Scottish/Northern Irish/British,White,Misuse of Drugs Act 1971 (section 23),Controlled drugs,Nothing found - no further action,,False
Person search,2017-06-27T16:05:00+00:00,True,,52.957865,-1.149504,Female,25-34,White - English/Welsh/Scottish/Northern Irish/British,White,Misuse of Drugs Act 1971 (section 23),Controlled drugs,Article found - Detailed outcome unavailable,,False
Person and Vehicle search,2017-06-29T03:33:00+00:00,False,,52.971124,-1.159578,Male,over 34,Black/African/Caribbean/Black British - Any other Black/African/Caribbean background,Black,Firearms Act 1968 (section 47),Firearms,Nothing found - no further action,,False
Vehicle search,2017-06-29T08:16:00+00:00,False,,53.170039,-1.181518,,,,,Misuse of Drugs Act 1971 (section 23),Controlled drugs,Article found - Detailed outcome unavailable,,
Person and Vehicle search,2017-06-29T11:54:00+00:00,False,,52.960428,-1.194934,Male,,White - English/Welsh/Scottish/Northern Irish/British,White,Misuse of Drugs Act 1971 (section 23),Controlled drugs,Article found - Detailed outcome unavailable,,False
Person search,2017-06-29T13:14:00+00:00,True,,52.944037,-1.147974,Male,10-17,White - English/Welsh/Scottish/Northern Irish/British,White,Misuse of Drugs Act 1971 (section 23),Controlled drugs,Local resolution,True,False
Person search,2017-06-29T13:14:00+00:00,True,,52.952642,-1.144560,Female,18-24,White - English/Welsh/Scottish/Northern Irish/British,White,Misuse of Drugs Act 1971 (section 23),Controlled drugs,Offender given drugs possession warning,,False
Person search,2017-06-29T14:15:00+00:00,True,,52.949535,-1.146214,Male,18-24,White - English/Welsh/Scottish/Northern Irish/British,White,Misuse of Drugs Act 1971 (section 23),Controlled drugs,Offender given drugs possession warning,True,False
Person search,2017-06-29T14:15:00+00:00,True,,52.949535,-1.146214,Male,18-24,Black/African/Caribbean/Black British - Any other Black/African/Caribbean background,Black,Misuse of Drugs Act 1971 (section 23),Controlled drugs,Offender given drugs possession warning,True,False
Person search,2017-06-30T14:59:00+00:00,False,,52.968143,-1.143704,Male,18-24,White - English/Welsh/Scottish/Northern Irish/British,White,Misuse of Drugs Act 1971 (section 23),Controlled drugs,Offender given drugs possession warning,True,False
Person search,2017-06-30T16:39:00+00:00,True,,52.942384,-1.149406,Female,18-24,White - English/Welsh/Scottish/Northern Irish/British,White,Misuse of Drugs Act 1971 (section 23),Controlled drugs,Nothing found - no further action,,False
Person search,2017-06-30T16:52:00+00:00,True,,52.943245,-1.150445,Male,10-17,Black/African/Caribbean/Black British - Any other Black/African/Caribbean background,Black,Misuse of Drugs Act 1971 (section 23),Controlled drugs,Article found - Detailed outcome unavailable,True,False
Person search,2017-06-30T16:54:00+00:00,True,,52.943466,-1.148566,Male,over 34,Other ethnic group - Not stated,Black,Misuse of Drugs Act 1971 (section 23),Controlled drugs,Nothing found - no further action,,False
Person search,2017-06-30T16:54:00+00:00,True,,52.943466,-1.148566,Male,25-34,Mixed/Multiple ethnic groups - White and Black Caribbean,Mixed,Misuse of Drugs Act 1971 (section 23),Controlled drugs,Offender given drugs possession warning,,False
Person and Vehicle search,2017-06-30T18:35:00+00:00,False,,52.905868,-1.181345,Male,18-24,White - English/Welsh/Scottish/Northern Irish/British,White,Misuse of Drugs Act 1971 (section 23),Controlled drugs,Article found - Detailed outcome unavailable,,False
Person and Vehicle search,2017-06-30T18:35:00+00:00,False,,52.905868,-1.181345,Male,10-17,White - English/Welsh/Scottish/Northern Irish/British,White,Misuse of Drugs Act 1971 (section 23),Controlled drugs,Nothing found - no further action,,False
Person search,2017-06-30T18:44:00+00:00,True,,52.951657,-1.125364,Male,18-24,White - English/Welsh/Scottish/Northern Irish/British,White,Misuse of Drugs Act 1971 (section 23),Controlled drugs,Suspect summonsed to court,True,False
Person search,2017-06-30T18:50:00+00:00,True,,52.952174,-1.122288,Male,18-24,White - English/Welsh/Scottish/Northern Irish/British,White,Misuse of Drugs Act 1971 (section 23),Controlled drugs,Suspect arrested,,False
Person search,2017-06-30T19:56:00+00:00,True,,53.371048,-1.057911,Female,over 34,White - English/Welsh/Scottish/Northern Irish/British,White,Misuse of Drugs Act 1971 (section 23),Controlled drugs,Article found - Detailed outcome unavailable,,False
Person search,2017-06-30T19:57:00+00:00,True,,52.958703,-1.115323,Male,over 34,Black/African/Caribbean/Black British - Caribbean,Mixed,Misuse of Drugs Act 1971 (section 23),Controlled drugs,Nothing found - no further action,,False
Person and Vehicle search,2017-06-30T20:03:00+00:00,False,,53.375794,-1.055627,Male,over 34,White - English/Welsh/Scottish/Northern Irish/British,White,Misuse of Drugs Act 1971 (section 23),Controlled drugs,Article found - Detailed outcome unavailable,,False
Person search,2017-06-30T21:45:00+00:00,False,,53.147627,-1.191693,Male,10-17,Other ethnic group - Not stated,White,Misuse of Drugs Act 1971 (section 23),Controlled drugs,Suspect arrested,True,False
Person search,2017-06-30T22:43:00+00:00,True,,52.956215,-1.148837,Male,over 34,Asian/Asian British - Pakistani,Asian,Misuse of Drugs Act 1971 (section 23),Controlled drugs,Nothing found - no further action,,False
